30 30 60 60
9.09756957e-01 1.40043031e-01 6.73484444e-01 1.93896134e-01
 6.09774083e-01 5.30804854e-01 7.92870064e-01 7.98471343e-01
 8.59740973e-01 1.40316302e-01 8.42166985e-01 9.73990100e-01
 2.12377057e-01 2.09739067e-01 9.53588035e-01 6.05538386e-01
 4.24506713e-01 1.70254788e-03 9.97930386e-01 8.24500709e-01
 2.08852745e-01 3.91051822e-01 3.03057397e-01 8.82016123e-01
 6.34488199e-01 6.45031049e-01 3.29199358e-01 6.09754765e-01
 6.15993347e-01 9.32677498e-01 9.50686098e-01 8.11403270e-01
 8.86299998e-01 3.67945412e-01 7.50431865e-01 7.32886415e-01
 2.59769730e-01 2.56651459e-01 6.95438162e-02 9.42492477e-01
 3.13586693e-01 1.72099935e-01 6.39271012e-02 4.78226249e-01
 7.17010177e-01 5.08922387e-01 5.75046837e-01 1.76564600e-01
 3.79728766e-01 7.81403436e-01 4.49749445e-01 8.86559891e-01
 9.02163185e-02 7.83288696e-02 7.55203440e-01 7.19669050e-01
 2.73598965e-02 5.90457207e-01 6.83739083e-01 7.21472967e-01
 7.00489053e-01 6.75426513e-02 6.62272825e-01 2.14915903e-01
 1.56476771e-01 7.21160331e-01 8.02740284e-01 7.53016691e-01
 5.03173903e-01 9.85010721e-01 4.45370094e-01 8.88344333e-03
 7.21234337e-01 2.07057809e-01 9.14849089e-01 1.97773670e-01
 5.48207791e-01 2.33757950e-01 3.93393248e-01 6.26171882e-01
 2.95703459e-01 6.52043454e-01 7.01819640e-01 4.38276253e-01
 8.77294915e-02 5.12464543e-02 4.60846901e-01 7.86506326e-01
 1.04788911e-01 7.20482552e-01 3.91252373e-01 2.96485816e-01
 8.06138975e-01 4.30940207e-01 4.57916613e-01 2.22108864e-02
 8.34084526e-01 7.60573034e-01 3.72288888e-01 9.97732260e-01
 8.50666309e-01 7.89257304e-01 9.83911969e-01 6.42500791e-01
 3.66103653e-01 9.11387567e-01 5.73846513e-01 2.06004099e-01
 2.22572560e-01 3.96618344e-01 6.19567693e-01 2.81548250e-01
 7.49781341e-01 6.22689405e-01 1.16210223e-01 5.06157742e-01
 2.56093173e-01 7.42031872e-01 9.34871958e-01 6.54955555e-01
 8.36808466e-01 9.51217498e-01 9.39613445e-01 6.82928147e-01
 9.02478335e-02 7.18621768e-01 2.19533789e-02 8.63301879e-01
 1.45785701e-01 2.30355189e-01 6.69858351e-01 9.07208710e-01
 8.95723045e-01 7.37913700e-01 5.37155602e-01 7.88522022e-01
 1.57681377e-01 9.76257334e-01 2.16645094e-02 1.60377538e-01
 3.83539294e-01 2.56902716e-01 9.64322896e-01 2.46133750e-01
 2.57791580e-03 2.53454607e-01 1.78102506e-01 5.10125131e-01
 1.58210410e-02 5.93534806e-01 3.24607063e-01 6.85878938e-01
 3.28019302e-01 1.82335620e-01 3.12357219e-01 4.57671787e-01
 9.80977311e-01 4.33315417e-01 9.47378099e-01 4.73847178e-01
 4.64965443e-01 3.26408263e-01 1.89787010e-01 5.22430002e-01
 4.16697588e-01 1.78258843e-01 4.09787157e-01 4.70094336e-01
 8.64529834e-01 7.30865657e-02 1.92475687e-01 4.11234381e-01
 4.51436155e-01 4.38893044e-01 2.46210195e-01 6.83351145e-01
 5.93136484e-01 5.94068176e-01 8.41520387e-01 5.18428744e-01
 7.16419312e-01 1.76116304e-01 4.09862760e-02 5.74415813e-01
 2.30502786e-01 8.05528332e-01 6.13969796e-01 1.95387521e-01
 7.17147661e-01 7.45361129e-01 7.71480698e-01 2.01030303e-01
 8.44241574e-01 4.81818132e-01 9.92673358e-01 8.84337605e-01
 6.70848470e-01 2.08466824e-01 9.58453534e-01 1.84761507e-01
 1.71344123e-01 2.16420056e-01 4.13969717e-01 1.46120778e-01
 1.98500724e-03 9.38585069e-01 4.80967353e-01 3.76441624e-01
 4.16606941e-02 9.23413267e-01 1.78649762e-01 5.51072130e-01
 5.65486287e-01 5.96304788e-01 8.61211214e-02 6.86413229e-01
 7.58418383e-01 5.12219228e-01 8.38132862e-01 8.56289063e-01
 8.34660286e-02 5.45508291e-01 8.68256402e-01 2.89967629e-01
 9.58828182e-01 8.18843278e-01 2.42910642e-01 6.22660145e-02
 1.91269008e-01 2.23258890e-02 9.69259450e-01 2.75109284e-01
 3.45561930e-01 6.96871798e-01 2.59136903e-01 1.00432477e-01
 4.95130857e-01 6.58088957e-01 2.89807941e-01 1.53488233e-01
 6.74506040e-02 7.71617140e-01 6.26302387e-01 6.36935222e-01
 3.39901333e-01 3.65380510e-01 2.59490431e-01 2.18231237e-01
 1.36314379e-01 7.83835395e-01 7.34258245e-01 1.79206184e-01
 6.09196830e-01 6.21336412e-01 8.64113379e-01 2.60263200e-01
 1.66466666e-01 4.17988000e-01 7.38781112e-01 2.40033221e-01
 4.81734348e-01 7.26999796e-01 8.31006587e-01 1.72125057e-01
 6.46283505e-01 1.00490122e-02 1.01980187e-01 5.46609010e-01
 5.73495762e-01 8.05440892e-01 6.32737459e-02 6.27294035e-01
 4.19541326e-01 5.82510521e-01 3.37259303e-02 3.02359102e-01
 7.88116096e-05 3.59040255e-01 7.30564653e-01 9.81271739e-01
 5.54646063e-02 2.46765179e-01 7.02981928e-01 6.75517728e-01
 3.28065139e-01 1.62239700e-01 1.22605807e-01 2.37331823e-01
 1.27269292e-01 6.13442273e-01 8.70193573e-01 9.13153811e-01
 9.10468686e-01 1.66036696e-01 7.68480883e-01 5.97706934e-01
 7.63347926e-01 6.29280411e-01 1.95807923e-01 6.31554069e-01
 2.12801529e-01 7.28562144e-02 7.22152086e-01 1.68701038e-01
 7.68491633e-01 3.23314888e-01 8.69987839e-01 2.69302422e-01
 4.76633463e-01 8.61837002e-01 7.72128390e-01 6.29500123e-01
 3.00860662e-03 5.38407684e-01 2.64244862e-01 6.75590239e-02
 5.88231706e-01 3.88349407e-01 5.95969611e-01 9.01682791e-01
 9.81993658e-01 3.79172785e-01 4.13723614e-01 2.79401876e-01
 1.62758405e-01 1.74573996e-01 3.18559981e-01 3.41757799e-01
 6.55835992e-01 3.15263500e-01 6.43193494e-01 5.72485325e-01
 8.83712032e-01 9.33230773e-01 4.93932993e-01 9.66221468e-01
 6.87849655e-01 2.49099533e-01 2.44296964e-01 7.98479019e-01
 2.01362294e-02 1.53491251e-01 5.69625458e-01 8.27973185e-01
 9.20799686e-01 7.30164684e-01 1.68703811e-01 3.85036646e-01
 8.52160558e-01 3.72885040e-01 4.67148312e-01 9.74654544e-01
 8.18051881e-01 1.41642374e-01 1.07773536e-04 7.41761781e-01
 4.99636721e-01 4.03453197e-01 9.31335466e-02 9.46061465e-01
 9.85207121e-01 9.75510010e-01 1.60401063e-01 6.65240819e-01
 5.22275779e-01 6.80154914e-01 4.87682271e-01 9.67695287e-01
 9.17378202e-02 1.18179064e-01 6.22901649e-01 9.71854808e-01
 3.95432576e-01 7.16700562e-01 2.20235758e-01 9.60593103e-01
 6.77689582e-01 9.98468191e-01 8.09879359e-02 4.62958918e-01
 9.31314352e-01 8.62942423e-02 9.99411669e-01 9.58195689e-01
 5.40444287e-01 9.48732299e-02 7.63940688e-01 2.56410777e-01
 9.57151509e-01 6.55517661e-01 4.71577738e-01 7.55723107e-01
 5.84089755e-01 4.67772230e-01 8.37833928e-01 9.67199528e-01
 7.69133715e-01 4.26078870e-01 2.49495130e-01 9.16412587e-01
 6.38354057e-01 9.37757756e-01 4.99836799e-01 8.85780071e-02
 1.06175254e-01 3.92259667e-01 5.81546265e-01 9.94585104e-01
 8.56639385e-01 2.37211112e-01 9.88845179e-02 8.18124784e-01
 5.27894469e-01 3.20040115e-01 6.67104371e-01 7.55831515e-01
 5.16679052e-01 6.82602613e-01 4.56249077e-01 3.66201950e-01
 1.54578788e-01 6.46309970e-01 4.25568637e-01 4.58965378e-01
 9.49219382e-01 9.63974303e-01 9.60692892e-01 7.43955598e-01
 7.90028253e-02 8.39931438e-01 7.42739878e-01 9.94351897e-01
 7.52862103e-01 2.19268816e-01 3.66201950e-01 0.4
 0.4 8.82944136e-01 3.54315598e-02 6.04524554e-02
 4.15410180e-01 1.72177709e-01 8.90660569e-01 8.15689920e-02
 1.66282811e-01 8.31288567e-01 7.79758735e-01 6.34004012e-01
 5.11992502e-01 8.51556700e-01 8.50767811e-01 6.13050618e-02
 7.42280931e-01 9.93929309e-01 7.10960862e-01 6.18187157e-01
 3.59401875e-01 3.90400412e-01 8.14942765e-01 4.17787369e-01
 2.31103116e-01 5.34777468e-03 1.72149372e-01 7.65923828e-01
 9.67898665e-01 0.4 0.4 9.96528037e-01
 4.87012697e-01 2.35818212e-01 7.63404938e-01 2.70357720e-01
 5.86151763e-01 3.13143465e-01 6.86288166e-01 1.26661633e-02
 2.34906999e-02 5.54074870e-01 4.59767887e-01 6.89048591e-01
 7.59117420e-01 7.37641828e-01 3.64909034e-01 7.57165921e-01
 9.81724515e-01 5.11802904e-01 6.24450098e-01 6.10239896e-01
 2.92666390e-01 2.85491072e-01 9.13661009e-01 3.60455616e-01
 7.50473795e-01 8.65568793e-01 4.92506339e-01 4.18845477e-01
 5.26196719e-01 3.78789837e-02 7.86461745e-01 9.01528113e-01
 8.27906840e-01 1.69461388e-01 6.80496500e-01 7.08675997e-01
 6.56503637e-01 4.27577490e-02 1.53042717e-01 7.04518822e-01
 8.82312670e-01 4.82212139e-01 9.85509048e-01 8.07681686e-01
 4.32209035e-01 9.67898665e-01 2.69009653e-01 5.26196719e-01
 8.75725454e-01 7.88639182e-01 4.38741493e-01 1.67712469e-01
 4.92506339e-01 7.07876796e-01 1.05360652e-01 7.90819222e-01
 7.35344845e-02 8.93658957e-01 3.27014180e-01 3.16783868e-01
 1.96687804e-01 2.51757394e-01 6.25254268e-01 2.18122062e-01
 7.48577962e-01 9.51372869e-01 1.26213786e-01 7.20520374e-01
 4.19925563e-01 8.35533573e-01 6.10366984e-01 6.55039025e-01
 6.51170165e-01 2.01406754e-01 4.18845477e-01 3.68541404e-01
 2.62170265e-01 8.05405103e-02 7.66907969e-01 3.58865259e-01
 5.88467213e-01 4.09681349e-01 8.86895113e-01 2.59380500e-01
 4.28570011e-02 8.29296406e-01 4.04548572e-01 7.88726180e-03
 3.10050682e-01 6.15801446e-01 2.95803125e-01 9.24312109e-01
 5.68896093e-01 2.82958426e-01 2.65331371e-01 7.51214505e-01
 3.99119453e-01 7.31748999e-01 1.57448940e-01 3.19232649e-02
 5.00687070e-01 3.73082081e-01 7.26108537e-01 8.01111677e-01
 1.05571687e-02 4.08621913e-01 6.76080352e-01 2.27278232e-01
 9.65084069e-01 1.40244684e-01 8.35012210e-01 3.74522394e-01
 2.40844356e-01 9.48714188e-01 7.38986121e-01 1.98265468e-01
 2.80203915e-01 4.77577195e-01 3.45190943e-02 5.64007505e-01
 3.02110828e-02 2.22292915e-01 6.41295803e-01 8.39361501e-01
 7.67315205e-01 1.76024111e-01 7.52953215e-01 8.70182503e-01
 2.41072901e-01 6.93808771e-01 5.14192275e-01 2.12675007e-01
 8.05860994e-01 3.79866120e-02 5.38576889e-01 9.42790419e-01
 8.26251282e-01 5.01375530e-01 8.67019340e-01 3.93539441e-01
 5.73876549e-01 9.08319176e-01 3.47295541e-01 2.78984438e-01
 6.93463754e-01 7.10186768e-01 3.18103358e-01 1.29609419e-01
 9.74879367e-01 1.43262533e-01 7.08302979e-01 1.54428062e-01
 3.50298299e-01 4.30513389e-01 2.66876934e-01 7.47601754e-01
 7.75215388e-01 1.86713610e-01 7.22798453e-01 1.90160411e-01
 3.43832497e-01 3.30741822e-01 3.40389006e-01 8.07793760e-01
 7.45760964e-01 4.93512325e-01 7.96026381e-01 7.80341155e-01
 3.34847342e-01 7.02912219e-01 2.93071024e-01 1.89822820e-01
 3.01189732e-01 3.56933520e-01 6.18818991e-01 1.68677056e-01
 1.55721485e-01 4.42072562e-01 6.52307840e-01 2.24881485e-01
 1.55498861e-01 5.32615042e-01 1.20321644e-01 1.74626788e-01
 3.97721458e-01 2.15688316e-01 9.84258435e-01 5.06448055e-01
 2.84587531e-01 7.78118011e-01 5.76817449e-01 3.94320894e-01
 7.35406098e-01 5.78793901e-01 8.95010231e-01 1.82846101e-02
 1.66628912e-01 6.09326357e-01 3.75840352e-01 2.96918901e-01
 9.42102198e-01 3.83311623e-01 7.16846488e-02 9.85077871e-01
 5.97978166e-01 5.02631473e-01 4.33793649e-01 7.04061983e-01
 9.25225995e-01 3.24041288e-01 6.97732464e-01 9.45182926e-01
 6.52884270e-01 9.20119263e-01 2.52013617e-01 4.49421463e-01
 2.11812549e-01 7.67934840e-01 4.01804995e-01 4.48816439e-01
 9.92464508e-01 4.57179361e-01 1.46244989e-01 3.22362746e-01
 7.15650040e-01 7.50518010e-01 2.07180259e-01 9.50409084e-01
 5.77569867e-01 5.44158882e-01 5.92445444e-01 2.35724017e-01
 3.98427806e-01 7.70333405e-01 7.54543964e-01 3.99924693e-01
 2.82279944e-02 7.79929583e-01 4.41390124e-01 7.76254127e-01
 8.55377698e-01 6.84044463e-01 4.44195268e-01 1.83081058e-01
 3.84663179e-01 3.04689139e-01 9.64579998e-01 4.66742670e-01
 2.83751602e-01 7.57490780e-01 1.44518608e-01 5.18851731e-01
 1.11110335e-01 6.47440730e-01 1.87710431e-01 2.08514520e-01
 8.65130605e-01 8.15805504e-01 1.97103052e-01 7.80369113e-02
 6.89656745e-01 3.44673368e-01 3.96965127e-01 6.38285909e-02
 2.27051415e-01 5.43847088e-01 6.78886140e-01 6.42178990e-01
 8.17125084e-01 4.47099402e-01 2.09856851e-01 1.90743135e-01
 5.85891895e-01 9.33098973e-01 2.04593175e-01 9.37718021e-01
 5.52503616e-01 3.13970710e-01 7.73378382e-02 6.92547340e-01
 6.34864893e-01 7.55964879e-01 7.02780767e-01 2.71117971e-01
 1.93450729e-02 6.92548781e-01 3.61686988e-01 2.56065928e-02
 9.58536423e-01 4.30272290e-01 3.18309646e-01 3.83034438e-01
 9.19596724e-01 1.85530633e-01 2.96414895e-01 9.46818242e-01
 4.01437850e-01 5.98353912e-02 3.31786810e-01 7.78170148e-01
 9.12471899e-01 6.11833055e-01 1.97767148e-01 9.47640203e-01
 6.21742640e-01 9.51137775e-01 4.98289572e-01 1.52521839e-01
 4.44926477e-03 8.18891526e-01 9.93714717e-01 1.12948105e-01
 1.84717646e-02 7.49394418e-02 1.84803006e-01 1.14826299e-01
 3.72748182e-02 6.15750778e-01 3.20986578e-01 2.13782109e-01
 4.09151377e-01 5.91557353e-01 8.09681692e-01 2.94352193e-02
 8.58871509e-01 8.84565937e-02 5.64580535e-01 1.22789935e-01
 2.23903891e-01 7.58827836e-01 1.15842653e-01 7.80582439e-01
 5.99040168e-01 7.88028005e-01 2.51861217e-02 9.05818896e-02
 5.18063632e-01 9.51858795e-01 9.85361568e-01 8.32760045e-01
 2.02634211e-01 7.11792675e-02 9.16061883e-01 2.45602524e-01
 1.78032342e-01 5.51527933e-01 9.76160685e-01 6.27315659e-01
 1.75105204e-01 7.15860216e-03 8.09742587e-01 4.71909926e-01
 3.38881193e-01 2.27279013e-01 2.99183091e-01 8.14743259e-01
 8.40461091e-01 8.84630447e-01 2.43916881e-01 6.74406977e-01
 2.65383405e-01 3.59343307e-01 9.01499320e-01 1.76625884e-01
 8.30201794e-01 2.58519873e-02 4.15142166e-01 4.70611604e-01
 4.83966244e-01 7.61528169e-02 2.39207926e-02 1.77601370e-01
 6.20860317e-01 9.71507924e-01 6.17436453e-01 5.16264140e-01
 1.43728020e-01 2.18755752e-01 4.88213567e-01 6.75078432e-01
 8.14078278e-01 7.13114718e-01 7.10844675e-01 1.06277438e-01
 5.77144986e-01 9.06991808e-01 4.72472489e-01 5.22281063e-01
 6.96517489e-02 9.65064077e-01 6.22087544e-01 2.51543650e-01
 4.75592600e-01 3.45397703e-01 7.96549917e-01 9.45780634e-01
 9.05183808e-01 5.74787915e-01 6.63517430e-01 8.18051110e-01
 8.81934309e-01 7.89626705e-02 8.35958237e-01 7.62218013e-01
 6.86032000e-01 1.67423469e-01 2.97422114e-01 9.93914405e-01
 4.27111644e-01 7.60642813e-01 5.77759577e-01 7.86236487e-02
 8.95162032e-02 6.88792513e-01 1.70101580e-01 1.71395195e-01
 8.81576630e-01 2.31442536e-01 4.64849745e-01 9.04840695e-01
 2.44596028e-01 9.60798770e-01 6.76564939e-01 7.01426436e-01
 9.59667315e-01 5.94838431e-01 8.33596625e-01 5.16922633e-01
 9.03442996e-01 3.13311920e-01 6.48518471e-02 8.48134740e-01F
